uid,loneliness_pre,loneliness_post,loneliness_delta
u00,51,53,2
u01,54,59,5
u02,53,51,2
u03,53,45,8
u04,51,56,5
u07,53,58,5
u09,59,54,5
u10,53,47,6
u14,46,51,5
u15,51,51,0
u16,56,60,4
u17,60,64,4
u18,58,51,7
u19,56,52,4
u20,60,60,0
u23,58,55,3
u24,61,59,2
u27,58,53,5
u30,53,53,0
u31,49,44,5
u32,55,58,3
u33,59,66,7
u34,63,58,5
u35,50,49,1
u36,53,52,1
u42,51,56,5
u43,55,60,5
u44,52,53,1
u45,54,52,2
u47,50,53,3
u49,55,52,3
u51,50,49,1
u52,59,49,10
u53,53,56,3
u56,48,49,1
u58,48,45,3
u59,54,51,3
